Pi: 3.103094
Time: 4.552369
